85
85
85
85
85
85
85
85
85
85
85
85
85
85
85
85
85
85
85
85
85
5
85
0
85
0
21
0
21
0
5
0
85
0
21
0
5
0
5
0
1
0
1
8
0
0
0
0
0
0
0
0
0
0
0
0
0
0
0
8
0
0
0
0
0
0
0
0
0
0
0
170
128
170
128
170
128
170
128
170
0
0
0
0
0
0
128
170
128
170
128
170
128
170
128
170
0
0
0
0
0
0
0
0
0
42
0
42
0
42
0
0
0
0
0
0
0
0
0
0
0
10
0
42
0
10
0
0
255
255
255
255
255
255
255
255
255
255
255
255
255
255
255
255
255
255
63
15
15
7
7
3
15
7
3
3
1
1
0
0
0
0
0
240
248
216
248
248
0
0
0
248
248
216
248
248
0
0
0
0
112
80
112
0
0
0
0
0
48
112
48
0
0
0
0
0
0
0
0
0
0
0
0
0
0
0
0
0
0
0
0
0
0
0
0
0
0
0
0
0
0
0
0
0
0
0
0
0
0
0
0
0
0
0
0
0
0
0
0
0
0
0
0
0
0
0
0
0
0
0
0
0
0
0
0
0
