0
0
0
0
0
0
0
0
0
0
0
0
0
0
0
0
0
68
0
68
0
68
0
0
252
0
12
0
252
0
0
0
0
68
0
68
0
68
0
0
252
0
12
0
252
0
0
0
0
16
0
16
0
16
84
0
252
0
204
0
252
0
84
0
0
0
0
0
0
0
0
0
84
0
204
0
84
0
0
0
0
0
0
0
0
0
0
0
0
0
84
0
0
0
0
0
0
0
0
0
0
0
0
0
0
0
0
0
0
0
0
0
0
0
0
0
0
0
0
0
0
0
0
0
0
0
0
0
191
191
191
255
255
255
255
255
160
160
160
0
0
0
0
0
160
160
160
0
0
0
0
0
64
64
64
14
0
0
0
14
0
0
0
0
14
0
14
0
0
0
0
0
0
14
0
0
0
0
0
0
0
0
0
0
0
0
0
0
0
0
0
0
0
0
0
0
0
0
0
0
0
0
0
0
0
0
0
0
0
0
0
0
0
0
0
0
0
0
0
0
0
0
0
0
0
0
0
0
0
0
0
0
0
0
0
0
0
0
0
0
0
0
0
0
0
0
0
0
0
0
0
0
0
0
0
0
